9.967737344024292234e-01
2.615979503724438771e-01
1.106419319637519556e-02
2.462779332922142295e-02
1.168619822555392179e-01
1.739526498078474148e-01
3.723537505337571885e-01
7.728329458651610195e-02
3.591735066660340508e-02
1.145087061726052097e-01
9.823504293779948549e-04
1.186459173506666104e-01
2.549319163068747840e-01
2.020116714902500388e-01
1.377235849504198917e-01
1.078047160411823267e-02
4.990748208948142355e-03
2.618541538169568642e-03
3.850500545618446013e-03
3.253499074820894680e-03
1.364520567443184562e-01
1.284196043080134721e-02
5.802533567395739243e-03
3.394316079138397224e-02
2.938036722493713171e-01
4.084499691606964522e-02
9.015040091094557451e-02
7.673767613986810787e-02
3.754519144090714411e-01
3.623380936565925164e-02
2.513308345589979065e-01
7.727855007828439426e-02
2.430516676946434529e-01
5.417279498979931107e-01
1.707026616691179888e-01
3.668453764767281577e-01
2.462874223086776726e-01
4.360250510034635041e-01
2.271575651183754471e-02
2.503534658632632914e-01
3.513071120178393181e-02
3.448023912321487860e-02
1.120842624661953779e-01
7.123404659107083862e-03
1.730464487355885539e-01
7.415191915357972376e-03
2.354794325568154711e-02
3.504673340608246285e-02
9.119893723015608245e-02
4.057883000427005282e-02
1.568297195995634887e-04
1.045642169189163473e-01
7.110594486881434417e-02
7.489206243772832117e-02
6.171181857000521825e-02
6.092897471177111763e-04
8.977084025240784047e-04
3.551833752431560643e-04
4.313706884281443910e-04
5.069981496417896166e-02
1.961616928405370552e-01
6.122313422213786910e-02
1.605589030696968067e-01
2.870854485932533007e-01
1.597997817526213282e-01
1.296579209564928392e-01
2.420695544906770191e-01
1.488115006879536795e-01
1.611994116809792599e-01
2.346538881244958907e-01
7.282820135692934238e-02
2.000189780329268696e-01
6.905631731271053009e-02
1.330265218010153183e-01
1.322152108933908887e-01
1.897660957441761054e-01
6.777530009014565496e-03
1.215068558143948298e-02
4.534658632632727025e-03
2.125539687811358290e-03
8.277743511884993327e-03
1.727095886511362905e-03
9.287849314418560346e-04
5.671585140200217576e-03
1.310148503107652889e-03
1.699245623191156067e-03
3.740048393983963666e-03
1.658869858139203892e-03
6.873843526118516949e-03
2.836361911087915532e-03
2.061346491436162522e-03
6.664610713099586824e-03
3.614081700431750251e-03
6.319210513830240527e-04
9.816861982255538702e-03
1.745836694026664006e-03
1.172652654552355615e-03
3.518811975138776416e-01
5.787351141054229015e-02
6.769938795843810642e-03
1.872799734307539071e-02
3.648194714617829324e-03
6.850120984959908246e-03
2.054656734829434471e-03
1.259334819945912530e-02
1.646723917065995952e-03
4.603359111828059409e-03
9.774161408170042864e-03
6.907529534563741636e-02
1.489965365089908345e-02
2.216491910613464789e-02
5.078521611234995126e-01
1.850927551359301537e-01
1.760070218721829574e-02
7.280447881577073455e-02
1.718413436447312204e-02
3.945770270911419519e-02
5.779759927883474507e-02
1.081036200597808028e-01
3.799497082127437086e-02
5.864212174408121869e-02
3.908098875551548751e-02
1.193006594866442144e-01
2.799307301798168585e-02
9.917445556768039738e-02
6.127057930445509726e-01
2.517388622669259890e-01
2.467001945248374906e-01
1.162641742183422554e-02
8.470370546092897968e-02
1.866536983441666187e-02
2.231294776296436841e-02
5.480381458461829752e-02
2.647293258053802223e-01
2.202543056412202827e-01
1.799307301798168390e-01
1.530578355553446623e-01
4.506239028324713486e-02
1.221948095079944951e-01
1.043981591308060786e-01
3.322246999098543707e-02
1.732267400483939734e-01
5.509322958675333393e-02
1.504910566019831974e-01
3.106893770460691373e-01
1.313659439199127144e-01
2.583954073160316667e-01
7.248659676424538123e-01
4.426483844949470892e-01
4.344830858281538699e-01
6.092423020353939789e-01
8.130663756701617118e-02
2.688475589505147645e-01
1.069032594771551770e-01
1.283484366845376312e-01
2.115433885277790971e-01
3.199506571143900802e-01
3.886084357356359709e-01
3.184703705460928957e-01
3.375859942116999357e-01
3.281207002894149793e-01
1.753333017032784602e-01
3.188309531717037348e-01
2.735873226740048181e-01
1.571808132087109122e-01
3.714570384779617429e-01
2.134933814110167305e-01
3.107747781942401533e-01
4.516724391516819259e-01
4.379940219196279960e-01
3.372538786354793983e-01
5.258338473217251119e-01
4.067466907055083403e-01
9.440622479480001786e-03
4.326659391754044542e-02
1.223656118043364716e-02
1.625421075105564980e-02
5.021587512454332991e-01
1.369976751909664503e-01
2.948332305356549665e-01
1.668074204108744088e-02
5.552972434407173891e-02
1.477866869099018002e-02
3.918441903496702738e-02
2.934620676566873990e-02
2.018076576362859767e-02
5.434359728614128471e-02
2.007496323006120048e-02
3.076671253024623742e-02
1.182141671015799200e-01
9.801205105090855796e-02
1.848080846420268597e-01
7.135265929686387953e-02
1.698296721544811927e-01
6.536508990843098443e-02
2.433885277790956685e-03
1.651278644968448908e-02
2.589267922379844943e-03
6.199174455567679938e-03
4.242634150970251983e-01
7.759168762157801769e-02
1.670541348389239233e-01
2.848745077572709672e-01
2.373535133083456115e-03
1.739479052996156794e-02
2.564501589410257860e-03
6.783223418892632070e-03
7.553257104901076394e-03
1.667077857380082351e-02
3.066138444750201447e-02
1.129192959149783945e-02
3.172889879963941562e-02
1.427195521184229134e-02
3.032926887128148744e-02
3.738340371020543867e-02
7.038477961759263823e-02
1.503297433221046503e-02
7.891540541822839039e-02
1.678939127959386962e-02
9.427812307254353208e-02
6.466290269013616476e-02
1.640888171940978191e-01
5.702424443706409496e-02
1.364662902690136070e-01
4.720406129904635567e-02
1.226028372159225499e-02
3.180481093134696410e-05
3.365422024007211355e-02
2.770413246666982715e-02
2.341035251696161820e-02
2.123499549271717912e-02
1.070408502158751119e-04
1.300944157138112531e-04
6.722968164349764440e-05
7.413294112065284529e-05
6.757128623618162411e-02
1.183280352991412376e-01
6.008919675475635908e-02
3.788205152535939479e-02
9.758030080182188148e-02
3.706789391279593365e-02
4.313422213787540538e-02
9.801205105090855796e-02
5.193813161265833922e-02
5.838117379133653251e-02
9.026901361673862756e-02
3.224035678701902413e-02
8.898799639417373508e-02
3.526023627650994030e-02
5.298192342363713947e-02
6.755705271148644553e-02
7.630592589078141752e-02
3.244104948522085461e-04
8.366465815818189709e-04
2.601983204440859844e-04
5.802533567395739460e-04
1.015514541917730005e-03
4.226692603311666459e-04
1.520092992361341769e-04
6.252787398586135553e-04
2.028609384637282160e-04
2.498932485647862136e-04
4.744982682544953952e-04
2.035583811737913204e-04
6.889974854106371447e-04
2.992313896664610534e-04
2.754376808843763454e-04
6.347677563220571230e-04
4.393509512739004444e-04
2.314987901504008891e-02
8.269677847891065969e-02
2.614508706172604877e-02
2.321867438440005371e-01
1.572377473074915710e-01
3.164159984817573740e-02
8.988945295820087444e-02
2.901124448450918131e-02
5.620344451297622917e-02
8.909712008350333112e-02
2.156189210988281035e-01
9.127484936186364139e-02
2.808274422356122901e-01
2.786924135313374462e-01
9.104236845850927073e-02
2.128623618161977205e-01
9.192484698960952383e-02
1.615457607818949481e-01
7.430848792522654067e-02
1.710300327371067908e-01
8.017270009963466115e-02
1.177397162784077217e-01
2.540067372016890368e-01
2.251126820705033893e-01
2.658110736822127951e-01
8.870332590027044106e-02
1.852683019405038656e-01
8.502633202068604623e-02
1.554727902452910648e-01
1.401053280827442293e-01
1.385396403662760290e-01
1.824263415097025220e-01
1.373250462589552523e-01
1.549508943398016647e-01
2.466385159178251241e-01
2.195853299805475001e-01
2.639132703895241128e-01
2.066233334914835962e-01
2.458034824690420450e-01
1.972813967832234283e-01
3.786354794325567930e-02
1.058594676661763906e-01
3.713479147886321330e-02
7.276177824168525432e-02
2.309341936708260157e-01
1.689898941974664337e-01
1.997153295060966893e-01
2.258480808464202738e-01
3.393462067656687065e-02
1.042368458509275453e-01
3.579541680504814971e-02
6.556910376239502569e-02
7.153295060966929908e-02
1.258338473217250897e-01
1.368221283863927384e-01
1.028941500213502863e-01
1.526592968638800507e-01
1.055131185652607023e-01
1.263177871613607173e-01
1.360962186269393248e-01
1.637756796508041957e-01
9.603833562651230282e-02
1.677658110736821861e-01
1.008919675475636879e-01
2.024386772311049798e-01
1.671680030364852410e-01
2.165630782369407370e-01
1.782084736917018408e-01
1.968306685012098378e-01
1.619205769322009658e-01
3.756559282630355344e-03
9.110879157375337267e-03
3.156378991317549797e-03
1.188404421881671981e-02
1.179247520994448732e-02
2.116477677088769455e-03
7.373914693741994049e-03
2.606632822507946954e-03
5.591877401907292475e-03
9.689709161645394028e-04
3.472553019879489299e-03
8.978032926887127537e-04
9.810694121554301358e-03
6.625231294776295909e-03
7.311287185083265635e-04
3.096218626939317275e-03
8.172415429140768859e-04
1.932912653603454083e-03
3.955496512786449230e-04
1.648289604782464174e-03
4.731792949660767957e-04
7.606395597096360806e-04
7.997343075390234493e-03
3.923613417469279038e-03
6.908952887033258800e-03
6.430706457275702989e-04
1.979788394932865177e-03
5.562461450870616548e-04
1.516961616928405327e-03
1.112729515585709344e-03
1.317265265455235456e-03
2.132324334582720582e-03
1.076434027613037969e-03
1.346728661574227853e-03
4.357593585424870790e-03
3.156426436399867134e-03
5.658300517151397015e-03
2.712957251980832249e-03
4.752099444892536953e-03
2.337144754946149632e-03
7.788584713194477739e-04
2.670920909047776962e-03
1.025762679698249231e-03
1.233999145988518096e-03
8.802960573136594039e-03
5.237462636997675114e-03
9.215258338473216945e-03
6.409356170232955070e-03
1.690136167386250329e-03
3.531717037529059910e-03
1.327703183565023598e-03
3.616169284053707446e-03
2.188024861223134259e-03
1.451060397589789544e-03
2.848175736584902980e-03
1.438867011434264917e-03
1.951226455377900017e-03
1.982160649048725961e-03
8.548654931916305558e-03
5.109360914741186734e-03
9.149784124875456545e-03
5.866584428523983000e-03
6.981543862978602417e-03
4.589932153532285536e-03
3.181335104616406229e-03
3.857474972719077220e-03
4.574227831285287288e-03
2.525406841580870101e-03
5.036295487972670612e-03
2.781183280352991262e-03
1.409830621056127416e-04
1.605778811026237034e-03
3.297765336622859064e-04
2.702234663377140952e-04
1.576078189495658602e-02
5.853299805475162439e-03
9.103762395027755350e-04
2.522797362053423066e-03
5.803956919865255236e-04
1.112397400009488852e-03
5.010675143521373847e-04
2.067704132466669648e-03
3.897328841865540529e-04
9.116098116430231555e-04
6.320159415476584996e-01
2.146842529771789132e-01
3.788489823029842635e-02
8.847558950514777809e-02
3.515775489870474543e-03
9.854343597286140469e-03
2.613037908620771416e-03
2.167813256155999221e-02
1.578735114105422888e-02
1.369976751909664572e-02
1.341414812354699325e-03
7.298951463680789647e-03
1.899084309911277515e-03
2.574370166532238824e-03
5.025383119039710834e-03
4.813778051904919926e-03
9.481425250272809344e-03
8.355553446885230148e-03
3.725150638136356680e-03
1.160791383973051177e-02
5.288228875077097442e-03
8.742705318593727492e-04
3.649428286758077487e-03
7.924277648621719239e-04
1.777814679508469067e-02
8.703325900270435928e-03
1.123309768942449063e-02
6.051620249561132569e-04
3.296152203824073614e-03
7.024244437064098255e-04
1.417421834226882324e-03
1.859894671917255733e-03
3.945912606158371097e-03
5.224178013948853685e-03
6.850120984959908246e-03
2.502728092233240213e-03
7.803292688712814944e-03
2.912606158371684566e-03
2.655216586800778281e-03
2.039806424064145515e-02
4.612231342221378462e-03
5.627461213645205962e-03
9.107558001613132170e-02
5.015419651753095370e-02
7.024718887887269891e-03
2.380794230677989870e-02
6.028846610048868224e-03
1.277980737296579260e-02
1.275039142192911645e-02
2.903449257484461490e-02
8.972813967832234117e-03
1.558903069696825940e-02
7.423257579351899560e-01
3.788774493523746068e-01
1.475969065806329028e-01
2.322199554016226020e-01
8.261137733073966108e-03
2.833989656972054488e-02
8.265407790482516906e-03
9.312520757223513579e-02
5.552023532760828883e-02
7.165156331546235213e-02
7.688950040328319628e-03
2.825117426578735089e-02
8.086539830146606198e-03
1.632205721876927446e-02
1.758599421169995680e-02
3.731603169331498826e-02
4.058357451250178133e-02
5.320491531052806006e-02
2.611899226645158015e-02
5.493191630687479371e-02
2.754803814584618274e-02
3.310101058025335247e-02
7.628694785785453125e-02
2.717749205294870893e-02
1.134601698533946879e-01
1.005029178725625055e-01
8.732267400483939568e-02
1.701617877307017024e-02
6.240926128006831636e-02
2.181572330027992460e-02
2.960478246429757224e-02
4.739052047255301603e-02
4.549746168809602753e-02
7.351141054229728966e-02
6.485742752763674901e-02
3.883712103240499064e-02
8.160554158561464377e-02
4.993120463064003312e-02
2.013426958295772701e-02
5.768847558950514903e-02
1.719884233999145751e-02
4.492242729041134863e-02
1.445699103287944043e-01
9.700147079755183643e-02
1.189685439104236700e-02
4.925748446173554285e-02
1.443042178678179827e-02
3.337903876263224878e-02
1.094890164634435559e-01
8.811500687953693900e-02
7.472600464961806632e-02
6.628077999715328850e-02
8.346064430421786806e-01
4.713431702804004586e-01
4.920529487118660006e-01
2.089718650661858690e-01
3.054704179911751916e-01
1.858898325188594047e-01
3.139962992835792499e-01
2.952744698012050861e-01
3.889642738530150745e-01
4.641077952270247428e-03
2.177776723442615206e-02
6.020780946054941733e-03
8.949091426673624547e-03
1.231057550884850638e-01
5.654030459742847431e-02
1.016937894387246744e-01
9.640840726858659546e-03
2.742610428429093430e-02
7.682307728803908914e-03
2.305878445699103066e-02
1.485458082269772682e-02
1.707311287185083251e-02
2.867723110499596426e-02
1.305688665369834391e-02
1.700431750249086632e-02
6.550268064715090988e-02
4.497793803672248819e-02
8.275371257769131850e-02
4.127342600939411937e-02
6.910850690325948120e-02
3.394743084879252304e-02
2.651563315462352466e-01
2.601888314276225023e-01
2.297623001375907470e-01
1.985719030222517500e-01
2.379987664278597204e-01
1.653888124495896117e-01
1.483844949470987107e-01
2.140247663329695738e-01
1.895098922996631130e-01
1.375053375717606718e-01
2.236988186174502791e-01
1.112824405750343915e-01
2.008397779570147423e-01
1.366987711723679777e-01
1.249750913317834583e-01
1.844380129999525497e-01
1.676519428761208685e-01
3.357024244437063765e-02
5.953408929164491492e-02
5.138302414954689507e-02
2.931252075722351122e-02
1.479147886321582617e-01
9.831095506950703056e-02
1.773354841770650447e-01
1.021777292783602881e-01
1.199601461308535261e-01
9.015514541917729607e-02
7.836504246334866086e-02
1.595246002751814773e-01
6.865303411301418302e-02
2.108364568012525281e-02
5.105090857332637150e-02
2.515158703800350962e-02
2.768420553209659934e-02
3.900270436969208165e-02
2.573421264885894510e-01
1.159795037244389648e-01
2.130141860796128384e-01
2.064667647198367983e-01
1.455472790245291026e-01
1.362622764150495658e-01
4.536983441666270905e-02
6.565450491056602778e-02
6.901836124685675755e-02
3.574797172273094098e-02
8.280115766000853417e-02
4.315889358068036169e-02
8.548180481093134442e-02
2.014755420600654601e-01
8.058547231579446524e-02
1.568249750913317808e-01
3.413483892394553187e-01
2.786022678749347503e-01
6.799354746880485745e-02
1.898704749252739798e-01
7.466432604260567207e-02
1.418607961284812646e-01
2.589837263367651965e-01
2.530293685059543107e-01
2.146415524030934052e-01
2.098685771219812868e-01
8.985149689234710468e-01
6.157422783128528865e-01
6.405560563647577643e-01
7.902452910755799476e-01
4.054561844664800185e-01
4.866442093277031922e-01
3.621340798026284613e-01
4.998813872942069469e-01
4.710205437206433365e-01
5.603264221663424305e-01
5.125017791905868147e-01
6.121838971390615169e-01
6.366655596147459129e-01
6.932675428191867883e-01
3.954737391469374114e-02
1.250035583811738016e-01
4.643023200645252785e-02
6.915120747734496143e-02
3.207762015467096606e-01
2.186316838259714235e-01
2.922759405987569448e-01
6.087678512122218083e-02
1.424633486739099453e-01
5.360819851022441407e-02
1.195283958817668357e-01
9.401243061156709657e-02
1.085021587512454283e-01
1.492859515111258639e-01
9.149784124875455504e-02
1.078474166152678104e-01
2.289604782464297328e-01
1.917777672344261330e-01
2.623001375907387245e-01
1.756654172794989699e-01
2.418892631778715718e-01
1.596005124068890224e-01
2.915452863310717402e-01
3.455852350903828585e-01
3.055131185652606995e-01
2.982492764624946613e-01
3.856573516155050729e-01
3.818237889642738248e-01
3.542202400721164990e-01
2.893438345115528776e-01
3.439436352422071685e-01
3.049864781515395640e-01
2.950989229966313743e-01
3.269867628220334832e-01
2.990890544195093925e-01
3.611567111068937352e-01
3.008824785311002281e-01
3.306874792427764720e-01
2.898182853347250343e-01
3.549508943398016481e-01
3.228542961522037902e-01
2.953551264411443666e-01
3.586800778099349940e-01
3.264791004412392339e-01
1.442615172937324886e-01
2.096693077762489810e-01
1.812781705176258196e-01
1.389239455330454898e-01
3.493998197086872204e-01
2.834843668453764787e-01
3.796887602599989808e-01
2.940551311856525740e-01
2.850026094795274356e-01
2.605541585614650768e-01
2.269108506903259326e-01
3.428761208900696911e-01
2.192484698960952549e-01
1.215116003226265479e-01
1.982587654789580989e-01
1.314560895763153825e-01
1.444228305736110496e-01
1.673482943492906883e-01
4.523793708782084533e-01
3.032547326469611226e-01
4.133130900982112665e-01
4.012715282061014022e-01
3.442899843431228568e-01
3.230440764814727084e-01
1.938511173316885827e-01
2.307301798168619744e-01
2.420173649001280680e-01
1.687811358352706570e-01
2.633059733358637522e-01
1.848080846420268597e-01
2.378089860985908577e-01
3.820705033923233462e-01
2.851923898087962983e-01
2.618399202922617186e-01
4.188262086634720327e-01
4.599753285571950290e-01
4.554870237699861768e-01
4.192200028467049089e-01
4.173743891445651499e-01
4.423257579351900226e-01
3.436399867153769327e-01
5.190492005503628548e-01
3.688807705081368349e-01
2.923423637140010189e-01
3.856573516155050729e-01
2.800588319020733130e-01
3.400816055415856187e-01
3.278929638942923441e-01
5.486549319163067651e-01
4.848887412819660736e-01
4.977938036722492909e-01
5.677753000901456515e-01
4.869763249039236741e-01
5.063813635716657435e-01
3.877496797456943534e-01
4.232955354177539431e-01
4.080229634198415112e-01
3.735683446410779651e-01
4.340703136119941075e-01
3.821653935569577776e-01
4.393082506998149603e-03
1.542676851544337417e-02
5.047682307728802893e-03
8.070882952981923986e-03
5.803008018218912267e-02
3.178393509512738441e-02
6.322531669592446751e-03
1.771599373724913259e-02
5.698628837121032069e-03
1.084499691606964980e-02
1.335911182805902229e-02
1.940408976609574176e-02
1.105992313896664650e-02
1.318403947430848641e-02
7.612089006974426253e-01
3.481377805190492003e-01
5.316221473644255902e-01
1.027518147743986254e-01
1.839967737344024024e-01
2.981069412155429865e-01
2.799402191962802600e-01
3.886131802438677063e-01
3.824880201167148996e-01
8.100773354841769164e-03
2.568486976324903595e-02
7.806139393651847364e-03
1.728376903733927841e-02
6.640413721117806312e-02
4.507093039806423646e-02
4.957536651326089477e-02
6.896617165630781511e-03
2.403188309531717123e-02
7.398111685723775255e-03
1.356454903449257413e-02
1.583194951843241299e-02
4.035109360914741067e-02
3.741946197276652120e-02
2.789865730417041834e-02
2.699387958438108012e-02
2.607344498742705102e-02
3.240546567348293744e-02
3.645490344925748222e-02
1.996963514731697753e-02
4.094700384305166585e-02
2.210229159747592251e-02
1.505906912748493365e-02
2.661289557337381817e-02
1.578497888693836809e-02
6.572092802581011584e-02
4.378611756891397783e-02
4.943303126630924776e-02
1.493855861839920446e-02
2.647340703136119577e-02
1.575508848507852291e-02
1.858471319447739176e-02
2.062342838164823999e-02
2.713194477392417980e-02
3.332922142619917233e-02
3.690041277221615956e-02
2.268254495421549374e-02
4.106893770460691429e-02
2.510461640650946472e-02
1.184371589884708337e-01
1.161265834796223334e-01
1.488826683114295168e-01
9.360914741187074950e-02
8.827157565118375071e-02
1.060302699625183809e-01
1.170612516012715237e-01
7.409972956303079172e-02
2.343407505812022396e-01
1.444987427053185947e-01
1.864496844902025774e-01
2.320017080229634099e-01
1.479385111733168834e-01
5.510271860321677012e-02
9.009821132039663727e-02
7.267637709351425224e-02
5.376951179010295429e-02
9.259382265028229253e-02
2.076861033353892827e-01
1.382739479052996212e-01
1.555060018029131297e-01
2.235991839445841123e-01
1.290885799686862512e-01
1.794894909142667194e-01
4.866442093277031922e-02
8.613654694690894842e-02
6.086255159652702307e-02
5.159652701997437946e-02
8.076101912036817709e-02
6.889500403283199681e-02
1.027186032167765875e-03
4.386060634815201059e-03
1.069364710347772522e-03
2.295440527589315272e-03
2.443801299995255333e-02
1.099492337619205687e-02
1.098733216302130245e-03
4.564027138587085398e-03
1.093514257247236174e-03
2.533425060492479688e-03
5.614651041419557037e-03
6.712055795416805096e-03
3.824880201167148597e-03
4.135076149357119236e-03
7.074536224320349120e-01
2.660388100773354303e-01
4.079660293210608524e-01
5.545381221236418412e-01
5.271148645442899627e-02
1.150970251933386979e-01
1.528538217013806488e-01
1.753665132609004973e-01
2.433363381885467192e-01
2.649902737581249501e-01
2.851971343170280337e-01
2.384494947098733109e-01
3.964036627603548801e-01
3.639037813730606752e-01
9.464819471461783209e-04
4.451060397589789823e-03
1.007164207429899708e-03
2.227404279546425173e-03
2.534089291644920847e-02
1.158893580680362377e-02
1.714522939697300449e-02
1.085258812924040335e-03
4.599041609337191708e-03
1.054134838923945477e-03
2.599373724913412592e-03
2.487688001138682083e-03
6.327276177824168318e-03
7.152346159320586635e-03
3.965792095649285469e-03
4.236418845186696279e-03
7.409024054656735032e-03
7.553731555724248030e-03
1.142714807610191105e-02
4.660055985197134563e-03
1.162594297101105477e-02
4.670968354130094341e-03
1.368505954357830678e-02
1.998813872942069650e-02
1.184371589884708476e-02
1.880248612231342001e-02
3.367224937135265828e-02
2.718603216776580705e-02
2.295440527589315272e-02
7.623475826730558361e-03
1.641030507187930115e-02
9.753760022773639085e-03
8.612231342221377678e-03
1.406509465293922373e-02
3.395834321772548542e-02
2.807610191203681327e-02
2.546235232718128613e-02
2.314798121174740236e-02
1.035204251079375505e-02
1.877354462209991984e-02
1.553162214736442462e-02
9.540257152346159897e-03
2.101105470417991006e-02
1.282677800445983750e-02
2.753712577691322036e-02
3.288608435735635577e-02
4.216254685201878405e-02
1.971865066185889484e-02
3.717749205294870740e-02
3.661479337666651013e-02
5.442425392608055829e-02
2.561180433648052243e-02
9.853394695639795808e-02
4.986003700716420267e-02
6.432604260568391963e-02
1.077193148930113281e-01
4.623760497224461974e-02
9.533140389998575812e-03
2.312330976894244605e-02
1.387246761873131735e-02
1.026853916591545166e-02
2.152678274896806937e-02
1.177397162784077217e-01
5.269250842150211001e-02
7.982160649048725132e-02
1.147127200265692371e-01
5.434359728614128471e-02
7.549461498315700181e-02
1.133036010817478796e-02
2.441002040138539469e-02
1.726384210276604714e-02
1.087915737533804578e-02
2.527494425202827730e-02
1.602505100346349187e-02
8.718033875788773479e-02
9.619015988992740684e-02
1.158419129857190255e-01
7.161360724960856572e-02
4.928120700289415068e-02
7.976467239170660639e-02
7.225886036912272659e-02
4.455377900080656484e-02
2.086682165393556887e-01
1.239360440290363796e-01
1.547563695023010943e-01
2.168524932390757665e-01
1.242539260805617246e-01
4.450965507425155149e-02
7.248659676424538956e-02
5.715234615932058421e-02
4.288893106229538926e-02
7.428476538406793284e-02
1.583811737913365381e-01
1.129619964890638956e-01
1.065047207856905515e-01
1.980927076908478301e-01
9.389381790577407128e-02
1.582008824785310908e-01
3.347535227973619937e-02
6.598662048678653747e-02
3.910233904255824150e-02
3.901124448450918325e-02
5.597570811785358702e-02
5.357024244437064153e-02
