1.001279639695405344e+00
2.547428387545780382e-01
9.670535498008003827e-03
2.355409082261550324e-02
1.227135954860361089e-01
1.786251623833199353e-01
3.668345903245446848e-01
8.017751939680373141e-02
3.916794431487202743e-02
1.126302098965124010e-01
5.950678407273812809e-05
1.195858397297651088e-01
2.452563487460945879e-01
1.946324724336196965e-01
1.329723220922462978e-01
9.424173828795012753e-03
4.918716653363741642e-03
1.768086914528677056e-03
2.869463046110798388e-03
5.441797246847457359e-03
1.360844665770160056e-01
1.420869568888294410e-02
7.504251543948736725e-03
3.494613133081347911e-02
2.944035447708110986e-01
4.225251294086662668e-02
9.031840692112425018e-02
8.055652010188474321e-02
3.761755752714814882e-01
3.630952010855237333e-02
2.497170483969490817e-01
7.415541142801940211e-02
2.359922687890434467e-01
5.296540274971692774e-01
1.624113097247636972e-01
3.574121717139613352e-01
2.455647598154011568e-01
4.362223526203026225e-01
2.764509709241114166e-02
2.413594425735920979e-01
4.176181642347875922e-02
3.188488403591227538e-02
1.211279548074419843e-01
4.778221306671159851e-03
1.773058397910438622e-01
6.578489658444652832e-03
2.580438355932468397e-02
3.358282857179384351e-02
8.940140262358076129e-02
4.153705949116215379e-02
-2.156774916906023520e-04
1.011454212958198262e-01
6.962702312018409501e-02
7.472981878977513759e-02
6.219405111280762455e-02
4.793974701255976356e-05
7.514693221319923566e-04
-2.832160299330865882e-04
1.335049855999415058e-04
5.481169131437413355e-02
1.913582317480759798e-01
6.428382704277746384e-02
1.549523805489774197e-01
2.768790367444693423e-01
1.523378512690274356e-01
1.235015166784738661e-01
2.339021789764661463e-01
1.417048178589812579e-01
1.565388484149030646e-01
2.252328123297853146e-01
7.188969306546155735e-02
1.934568498103814704e-01
7.016390589829724078e-02
1.283982182126188754e-01
1.298759627852472676e-01
1.832106632088081888e-01
7.083522556239785217e-03
1.030607892993140595e-02
3.094733457266407584e-03
1.973242203678893247e-04
8.160888875583527380e-03
1.070759690569023093e-03
6.140858060383891370e-04
4.539623072866483255e-03
1.076453953293476928e-03
5.438599570535274097e-04
3.461312870104205075e-03
1.105566795039703010e-03
5.416672253387933011e-03
1.462523728553488667e-03
1.231839223926112226e-03
5.135448947088949723e-03
2.288753173505853056e-03
5.719502527612441156e-04
1.163114605589177231e-02
2.590261722157816138e-03
2.777677126886146652e-03
3.533130613906512174e-01
5.370648781644327130e-02
7.766167018449454673e-03
1.909632659204385519e-02
4.905810721009817854e-03
9.069280231623011446e-03
4.369367576509741724e-03
1.329910923856170157e-02
4.088535476564736371e-03
6.929286975357218381e-03
9.657776054996958237e-03
7.172802162831448669e-02
1.349192489453576727e-02
2.462235223935360651e-02
4.932508429442084008e-01
1.925985566985879416e-01
1.647218000882189060e-02
7.669912558014324588e-02
1.526467990673907593e-02
3.965546313971080039e-02
5.738039927957805375e-02
1.111584872688173853e-01
4.049337384266449291e-02
6.096382397589072966e-02
4.245216265069728934e-02
1.224743537842871710e-01
2.947319198094300319e-02
1.027853171971364610e-01
5.929557476368363389e-01
2.582643303168574711e-01
2.498714292082890864e-01
1.204268083977533266e-02
8.539833202232438580e-02
1.898104999079341937e-02
2.256179021724369349e-02
5.649161300605998193e-02
2.597523586360446224e-01
2.231563504847167145e-01
1.784661773705340515e-01
1.551755140676873701e-01
4.164854889230396040e-02
1.231765523517913685e-01
1.010430463220921560e-01
3.182301080973770624e-02
1.755972543023749388e-01
5.350309643381079283e-02
1.460885661233386479e-01
3.030648423499040511e-01
1.264874191819767013e-01
2.502664704749504310e-01
7.139627712767864232e-01
4.378183828256392296e-01
4.269455627751725935e-01
6.120862397557966794e-01
7.690121759042645166e-02
2.614406087131069256e-01
1.003782460277484745e-01
1.236189523173321092e-01
2.041404533172199720e-01
3.121766134458368036e-01
3.802591820398757427e-01
3.070143948792174449e-01
3.328953222686501512e-01
3.187703309124763074e-01
1.801376467362891809e-01
3.141526595848040948e-01
2.770260692605321928e-01
1.564128514150167071e-01
3.682720904493188563e-01
2.073428944372706084e-01
3.151521726904991105e-01
4.449718858670022037e-01
4.408902848173066324e-01
3.362271665908447282e-01
5.214906274733741576e-01
4.018189902218267662e-01
1.237720009351050976e-02
4.850416345473407276e-02
1.635746008568750298e-02
1.733716581381061772e-02
4.931835206527490634e-01
1.343633957830454584e-01
2.889069628042837401e-01
1.743843197927574806e-02
6.386816038558906783e-02
1.779208557736433605e-02
4.331878827030655188e-02
3.650331338570778072e-02
1.821172162829043373e-02
5.324082334129576211e-02
1.835746146242334120e-02
3.161963652524546475e-02
1.260173877118409003e-01
1.053045756049892923e-01
1.910345024363087063e-01
7.785081301165419632e-02
1.727216487537845957e-01
7.424889801662493127e-02
3.220423752559042896e-05
1.607236679525181344e-02
1.240445808103007863e-03
5.112452327558081322e-03
4.222993215329213790e-01
8.360403722466003273e-02
1.710045480464641443e-01
2.817132350628179793e-01
3.836177880360391867e-03
1.614771840146023152e-02
2.587254446611009229e-03
7.445943726236414761e-03
5.377034767154675876e-03
1.660535192457501807e-02
3.450859950542684018e-02
1.230749645502315914e-02
3.078945939298138867e-02
1.518114809682824529e-02
2.821525939961500029e-02
3.905928103841382892e-02
6.949907346133832320e-02
1.438295285430468695e-02
8.271535146267350314e-02
1.515104264728339700e-02
8.931655404186855662e-02
7.012047630413320576e-02
1.566400810208974370e-01
5.372305936396681858e-02
1.385190830466860312e-01
4.923430907955106406e-02
8.609963525950448116e-03
3.909945410418558254e-05
3.266459822773581934e-02
2.938800889000958705e-02
2.191853525457920782e-02
2.138855223421698426e-02
-1.105413200637173077e-04
5.454844494368060737e-05
-7.328817498919448781e-05
-5.385529840351566122e-05
6.092504636695350584e-02
1.164375196181541838e-01
5.490646976989532746e-02
3.843029066724135134e-02
9.541667905221418167e-02
3.763968261019678962e-02
4.131444759591884619e-02
9.759712241480800188e-02
4.852058692717919897e-02
5.921094883244348850e-02
8.856463870139563710e-02
3.385195685590813852e-02
8.836362664808783407e-02
3.626794569343472219e-02
5.437809339441734835e-02
6.684962240182956705e-02
7.702936137740712397e-02
2.869784995791491156e-04
-1.148346206503170208e-04
1.622169150374830338e-04
5.307259759059768101e-04
4.710759893673532872e-04
5.658514590805019395e-04
-7.157974138616296500e-05
-2.387891246549145308e-04
2.934539086574261546e-05
-2.986761679886207332e-04
-1.637381016164063396e-04
2.618169019807936593e-04
4.939909033785383485e-05
4.606567144693762828e-04
-1.216992435599806299e-04
4.534592730283115714e-04
-2.319642218195916428e-04
2.500098137711947999e-02
8.626215755695154641e-02
2.831499673651727278e-02
2.261030233723264615e-01
1.549615102109398457e-01
3.377055666684380952e-02
9.227588145607290571e-02
3.125290179554873760e-02
5.996798014606463667e-02
8.610791029076958480e-02
2.076427973594849874e-01
8.735133405506312343e-02
2.725013273033853878e-01
2.677037689245609364e-01
8.369286392071551006e-02
2.046384879335145790e-01
8.601224007383034831e-02
1.545752127323445357e-01
6.677541391202757026e-02
1.646461652092865435e-01
7.236562638623400545e-02
1.127587420895159731e-01
2.463631414251921115e-01
2.170010584085515504e-01
2.566626692733779969e-01
8.111469502832635570e-02
1.778685851810064555e-01
7.731924194988737398e-02
1.482462924016951789e-01
1.332627040762721649e-01
1.352941947778876219e-01
1.763718309164379328e-01
1.338318061446126528e-01
1.499110051991943138e-01
2.368186780427965488e-01
2.110373909585647745e-01
2.536061919698582301e-01
1.984387841914170281e-01
2.365405971588261380e-01
1.892846256930336146e-01
3.870742732810183995e-02
1.028947655349576884e-01
3.838309412116025499e-02
7.122997749821724511e-02
2.241852589320711964e-01
1.630253776929766474e-01
1.938013940943537072e-01
2.186595564421645044e-01
3.584346302448659927e-02
1.023817543879346204e-01
3.741122047236355996e-02
6.770890316691868804e-02
7.156188379815819900e-02
1.223541009129553991e-01
1.317460244185975071e-01
9.967192517638823190e-02
1.479646471598345947e-01
1.020212372509861076e-01
1.256003415312068050e-01
1.323346970091892061e-01
1.598846421880226742e-01
9.703212290441554089e-02
1.625881498841197370e-01
1.004292965420297001e-01
1.954719946665988140e-01
1.610253849546068317e-01
2.092370421219009735e-01
1.723672141328660423e-01
1.900572512458347241e-01
1.562089030441189408e-01
4.458090378832046952e-03
8.547519480240239886e-03
2.879808384828930201e-03
1.015416743156949408e-02
1.001861507245971339e-02
5.496500519344138525e-04
6.015803800470731488e-03
1.508680917765570229e-03
4.796460148788650457e-03
-1.407231657583718487e-03
2.588555010382354027e-03
-1.220283121902365764e-03
9.043226552809979779e-03
6.797411849622569946e-03
-1.438742437374074257e-04
2.681052988199539300e-03
-6.856676334714428833e-04
7.071853181730425320e-04
3.682607050041752927e-04
1.034109472233257776e-03
3.909823679038026967e-04
3.218765768573383923e-04
6.755779210890544562e-03
2.908325173595294189e-03
6.205409172882259128e-03
1.981427167865312811e-04
1.561234720645288121e-03
3.489164798362587305e-04
1.168363552429330099e-03
8.779622032326628300e-04
2.122938935964491236e-04
1.067980970507864669e-03
1.502585098505093697e-04
5.450256948758003261e-04
4.273907969622570135e-03
2.593142816209148549e-03
5.438453705003176708e-03
2.462983655038719633e-03
4.100001081751347698e-03
2.059871190899453808e-03
3.627651731457071094e-04
1.928165262112813139e-03
1.339698894917695782e-04
9.705354161320123296e-04
7.258679868577200267e-03
3.998048612975146909e-03
7.588171650848796190e-03
4.982754340926209835e-03
6.435833413753755394e-05
2.452028669485795120e-03
-2.218379280405358145e-05
2.021544483505888223e-03
1.222408591205148554e-03
5.674159256101596327e-04
2.005341979938624064e-03
9.569428746956099019e-04
8.068944167529679135e-04
1.448038675693208432e-03
6.898788159416024968e-03
3.867879620365055615e-03
7.474156896612349499e-03
4.271848269631117745e-03
5.543248221429042388e-03
3.161457019568381099e-03
1.948024699067740784e-03
2.713329441442535739e-03
3.234765043010678909e-03
1.251917569082827697e-03
3.668895010309203286e-03
1.647777763256641492e-03
-5.155354950070467623e-04
2.874833481595562290e-03
-7.759387506744985785e-05
-2.703628072273644989e-04
1.638737243211352279e-02
8.216421937641715800e-03
1.062919064077849640e-03
4.171271682706034767e-03
4.682418491808171268e-04
1.546827313885668076e-03
1.779079701800245772e-03
4.007979511213122237e-03
6.989814223783419322e-04
1.700588663465563144e-03
6.109367581012263848e-01
2.176114000949023186e-01
3.492549537873479437e-02
8.507607148682883036e-02
3.867302353011137228e-03
1.123684204393260444e-02
3.091412031085649659e-03
2.132175693667814897e-02
1.677465825090473928e-02
1.492469518333683354e-02
1.703328050064456534e-03
9.038641939989933149e-03
2.379604187721984232e-03
3.706546173632307983e-03
6.228397737496838005e-03
7.117244831453373166e-03
1.137451972964242941e-02
1.050640434831962011e-02
5.608288373711634023e-03
1.329229658349673215e-02
7.209183262265828063e-03
3.432433681837654404e-03
5.704527681845927845e-03
3.440004239340321845e-03
1.774583582704591933e-02
9.958121127258134919e-03
1.254291088147008182e-02
2.641122206358037516e-03
5.608607359598671849e-03
3.189573184582794596e-03
3.581980180919153156e-03
4.338034406043522750e-03
6.337708620936410853e-03
7.300134297277161011e-03
8.999510363381535427e-03
4.815003602677947470e-03
9.560322429184253679e-03
5.327021664681463875e-03
8.339263324126378052e-04
2.097630160535679522e-02
2.934110534124290126e-03
5.866170469086995354e-03
9.521991548946040496e-02
5.176445287645181637e-02
4.713082754469244406e-03
2.356894189569969100e-02
4.087328776943621733e-03
1.203094763940493195e-02
1.593685191911253796e-02
3.078318254720713298e-02
1.096545252859026931e-02
1.695511241223357501e-02
7.268739309067471233e-01
3.714951778895358991e-01
1.548424307392513022e-01
2.378196940787629110e-01
5.755112214357094302e-03
2.850612704733235248e-02
5.552343066645981651e-03
9.817623812303466480e-02
5.816786155599062980e-02
7.474477334469220580e-02
5.098482429611639333e-03
2.764595619994425491e-02
5.364086897556408218e-03
1.448229745867513074e-02
1.591855986101586851e-02
3.771683729362207416e-02
4.112647887891673903e-02
5.468979077218394380e-02
2.529467092571380249e-02
5.673752190355552116e-02
2.658627873511276718e-02
3.414801798658739784e-02
7.570767466797700962e-02
2.964660718992462307e-02
1.180242435747320684e-01
1.019904604235604140e-01
9.062957358971246435e-02
2.067874040558104198e-02
6.365305581486158104e-02
2.521023371920749767e-02
3.248751279577755113e-02
4.872506528415687654e-02
4.748020434378874555e-02
7.524454712921979649e-02
6.729421781256572643e-02
4.124779947988210793e-02
8.409034271423321272e-02
5.221225112728200557e-02
2.143546951957597813e-02
6.171000287089212222e-02
1.783594917366571053e-02
4.890217628658222182e-02
1.481887555160006364e-01
1.003547755108589179e-01
1.153014718986122844e-02
5.230431642935684522e-02
1.446214299467518671e-02
3.582697216297825449e-02
1.119493267110573953e-01
9.221918385494820569e-02
7.906379556487008742e-02
7.079061887316573376e-02
7.933021354497085120e-01
4.631081179342952936e-01
4.810302288987680086e-01
2.148749672178307257e-01
3.107918915124598946e-01
1.873531755789561437e-01
3.163367448800928905e-01
2.977509761467005411e-01
3.862087694257092529e-01
4.765940615848673900e-03
2.213088954967723510e-02
5.870667185586153636e-03
9.652827525816753962e-03
1.256079744931657416e-01
5.652893726458563251e-02
1.039011153745610372e-01
9.144556608312814916e-03
2.788954671149479481e-02
7.289748882580493472e-03
2.378327591186479850e-02
1.510011426399637813e-02
1.783918531789252526e-02
2.864780463373639563e-02
1.400490821383604256e-02
1.756435775345099870e-02
6.838348786228598541e-02
4.563896665402555897e-02
8.519301928978739724e-02
4.319124452418021676e-02
7.025214001415402976e-02
3.493779837231025809e-02
2.591613026546073506e-01
2.566344267541431634e-01
2.246782811761227627e-01
2.030149385460675582e-01
2.386759393238513383e-01
1.688789183042151976e-01
1.478779322431198473e-01
2.122458153488819832e-01
1.862369655379492173e-01
1.387394671895481046e-01
2.200648534381079990e-01
1.147395584988069039e-01
2.011301773819420546e-01
1.398455616890550424e-01
1.276481348771407731e-01
1.866565017778034630e-01
1.680904159170748535e-01
3.122927424517163431e-02
5.576015368834452701e-02
4.726171539253920528e-02
2.781766542790409247e-02
1.512655752771032702e-01
9.687334515254431011e-02
1.817603166272321324e-01
1.027986373021492206e-01
1.175829253480848990e-01
8.665190140627476723e-02
7.384800107752242937e-02
1.597097230735351481e-01
6.419734501440732544e-02
2.129074896546567786e-02
4.822459546632140714e-02
2.455515232695582029e-02
2.723225695666897650e-02
3.656558507325380347e-02
2.620898293824418523e-01
1.146581187022372994e-01
2.181643184527009005e-01
2.094596400302077832e-01
1.471811100577489206e-01
1.354508947527066631e-01
4.468584397306463174e-02
6.320820378760672043e-02
6.829357078091069511e-02
3.494771614857627995e-02
8.157007736177090962e-02
4.136917048572419375e-02
8.291357585539449460e-02
1.956412194021992512e-01
7.794343799315806010e-02
1.518633079816980036e-01
3.345820023452645842e-01
2.708673761688600301e-01
6.377797855493660961e-02
1.842311802453262537e-01
7.139929055183458217e-02
1.375858371326130758e-01
2.497457502635462845e-01
2.452633402442785382e-01
2.077670727408862383e-01
2.034275333337776104e-01
8.819419091844058478e-01
6.002286902858742224e-01
6.256661088978670016e-01
7.944484277728904864e-01
4.008968787780817777e-01
4.793113685807273150e-01
3.589927830749384263e-01
4.893893637370361205e-01
4.593982051868903405e-01
5.461305095305042379e-01
5.100575991896705297e-01
6.019112014262808508e-01
6.351016249558969484e-01
6.940070951034997826e-01
3.886952694297329813e-02
1.180574487763093039e-01
4.394178674051296696e-02
6.670293144502936755e-02
3.147530946608516622e-01
2.102265861472196740e-01
2.852545362719975941e-01
5.614750578944915915e-02
1.346678980426827543e-01
4.956014638100425529e-02
1.135749502416638634e-01
8.809774042791707060e-02
1.063526733130157886e-01
1.423235842391044059e-01
8.863211039488039233e-02
1.026978506124662793e-01
2.221977399795238561e-01
1.834468555608195217e-01
2.550058442316771590e-01
1.693625958481814742e-01
2.340573000720227448e-01
1.521936321130752390e-01
2.843872272404337487e-01
3.369742963459421148e-01
2.962735750564089443e-01
2.922852053778943748e-01
3.788446080032561447e-01
3.721820853078776636e-01
3.462720971653290292e-01
2.783677891611771038e-01
3.330595208336593060e-01
2.938720238478107483e-01
2.848366898960565941e-01
3.167771691722514049e-01
2.957665635853055086e-01
3.544661000723858812e-01
2.960982759399506392e-01
3.244920952631979993e-01
2.812234472379921968e-01
3.444265805325725793e-01
3.142076637712403198e-01
2.863224036410301210e-01
3.495937537767725978e-01
3.157595225448002196e-01
1.501640832853574636e-01
2.120981259183163381e-01
1.879930030037679778e-01
1.428740250261126832e-01
3.447187009682157743e-01
2.800269411299001199e-01
3.759920382887806944e-01
2.878322381981601730e-01
2.880479051760658216e-01
2.624827157558917712e-01
2.330172679476882891e-01
3.422650186018976193e-01
2.241930583253481934e-01
1.209828687449308049e-01
1.975595379952816977e-01
1.331097902451139348e-01
1.412245090993082819e-01
1.694568653160968275e-01
4.460644740099213301e-01
3.018746063188566531e-01
4.093366006027383541e-01
3.967222514293236024e-01
3.408780556404358286e-01
3.228443494688524318e-01
1.860871374324748473e-01
2.270824061549965300e-01
2.345383672999403757e-01
1.629288556755059680e-01
2.576092050587841520e-01
1.811492945191246484e-01
2.433963137706576241e-01
3.837772995166619516e-01
2.913910847054861364e-01
2.656408857581831207e-01
4.129342280304393320e-01
4.569795445693483060e-01
4.494100120805537557e-01
4.117913053878785590e-01
4.194733042974667647e-01
4.443271655167961853e-01
3.489655774371649422e-01
5.214156820910922363e-01
3.729707685612537738e-01
2.910614322432056866e-01
3.849635655145111635e-01
2.813252986372689612e-01
3.369851683740763271e-01
3.295513732932930928e-01
5.380051866265009863e-01
4.851780315573304136e-01
4.898401410867485595e-01
5.667126349357132220e-01
4.810554727290985433e-01
5.091167526899380569e-01
3.803719743002424991e-01
4.210316205459476713e-01
3.999381433959858789e-01
3.688694508618080015e-01
4.281933849104033740e-01
3.794217152048227071e-01
5.956306963789348430e-03
1.951533444047415244e-02
7.109291122259886464e-03
9.728737235051188037e-03
6.248558195611808586e-02
3.713674227925922722e-02
7.913999416192307734e-03
2.301304619353272685e-02
7.764709780961442931e-03
1.466817757998306604e-02
1.290697896840597991e-02
2.242159295025691890e-02
1.184071334321501467e-02
1.563979765484146967e-02
7.499643225900816113e-01
3.386901273659579381e-01
5.178855734923728527e-01
1.032564431483642409e-01
1.778519298338934185e-01
2.951223250813872490e-01
2.721124167078916578e-01
3.776634586390055226e-01
3.712141015646666098e-01
6.091905034482092418e-03
2.954892196148017902e-02
6.591240730318137508e-03
1.697781245930540805e-02
7.283826914508217953e-02
5.339242903436725030e-02
5.662262687548080820e-02
7.661035977270191921e-03
2.900731806239731370e-02
7.164214277030733768e-03
1.737393331744252478e-02
1.775947233567576333e-02
4.301539852947255937e-02
4.296747081689611392e-02
2.915733487117222467e-02
2.954839168855150078e-02
3.246393563345284505e-02
3.961137223656630013e-02
4.346059342628461053e-02
2.581233596766052685e-02
4.894912254775052318e-02
2.779676286462207102e-02
1.342803090153754653e-02
2.425749656099673857e-02
1.380843564451428307e-02
6.652158411702346896e-02
4.148938497627385757e-02
5.169339515434856480e-02
1.347002129715102470e-02
2.436677136791542964e-02
1.379228589494507773e-02
1.806750047817962113e-02
1.844027007831394727e-02
3.038157810262065439e-02
3.192689434027018436e-02
3.994022721691425915e-02
2.381920505299328639e-02
4.120248568703477332e-02
2.428836865429850889e-02
1.253534711534558532e-01
1.246886958404993528e-01
1.568391451626598432e-01
9.970991002425888539e-02
9.338282672660591643e-02
1.147673806784141881e-01
1.200770572631726374e-01
8.223130398956390863e-02
2.380554787366260250e-01
1.525272155046359934e-01
1.936728006713122063e-01
2.333034256011266017e-01
1.561034084986521187e-01
5.902685502386439964e-02
9.858011624258145034e-02
7.774200302760680970e-02
5.922551633226502688e-02
9.987925209983039565e-02
2.039603617255845158e-01
1.456281338965133010e-01
1.555673058462017089e-01
2.225401232477541846e-01
1.347254310617267414e-01
1.843598717824597166e-01
5.661984613672599309e-02
9.543265910411280473e-02
6.987855980966406477e-02
5.852414622433110836e-02
8.997375778190130902e-02
7.681841008058265530e-02
-1.090274836749394183e-03
1.846604063008516761e-03
-4.798108322687788529e-04
-1.145310452095316123e-04
2.572441383754853206e-02
9.324050299917008289e-03
7.151101451978725265e-04
2.244109350135303771e-03
1.241381946850417251e-04
5.801476571742902877e-04
5.231305412433773228e-03
4.846368270322365390e-03
2.203668828546501146e-03
1.851313643049135038e-03
7.079312933370398575e-01
2.671201463764303341e-01
4.067827116995981207e-01
5.824084888987282049e-01
5.771263714035379522e-02
1.209353514801096985e-01
1.551648112707026961e-01
1.795808936067380124e-01
2.474240480874327908e-01
2.678169016326514829e-01
2.790455054727023487e-01
2.389411455378693816e-01
3.961976571542327186e-01
3.695879484217541311e-01
3.196684574706676329e-03
4.908787471679776360e-03
2.751867893762582895e-03
4.201084164591417647e-03
2.625585181263412338e-02
9.743012778534509977e-03
1.631532185857809125e-02
1.405358889242425136e-03
4.242876063758060923e-03
2.128350244170018613e-03
1.887327355963197562e-03
3.280910460675023899e-03
7.558661628340512806e-03
7.125701660441574603e-03
5.629334746967362690e-03
5.372006386052952109e-03
4.992157790618012569e-03
5.915325249786995698e-03
9.453512905098993002e-03
2.840132029962028071e-03
9.571173874627803002e-03
3.499005099064422808e-03
1.277396583415235654e-02
2.104731850715291230e-02
1.181225564145815810e-02
1.760292600490531711e-02
3.713456091566591510e-02
3.048727698051445500e-02
2.467904084850802704e-02
8.030337043228641392e-03
1.809545662926614895e-02
1.025893829134627566e-02
8.938532034040047591e-03
1.491232707791967371e-02
3.161898966640830366e-02
2.902658999804463846e-02
2.378653205353398192e-02
2.281266177258123307e-02
9.284610043088559195e-03
2.107450279927602921e-02
1.567979431010790847e-02
9.287648988521635118e-03
2.335256865312285157e-02
1.407372782208415884e-02
2.584330340198004450e-02
3.075220156493951862e-02
3.906638800033368497e-02
1.900937060406304724e-02
4.006413707685396730e-02
3.658300996088215129e-02
5.898703734197452420e-02
2.572988776575035885e-02
9.766278055858723661e-02
4.873984326037250625e-02
6.126952154011044982e-02
1.097290287519947505e-01
4.374486735918692304e-02
1.021294235817782337e-02
2.134242170410471928e-02
1.391366123098958241e-02
1.031230168688157534e-02
2.017435610341422603e-02
1.230114463787868040e-01
5.354738968650707420e-02
8.527477394706117764e-02
1.187140559782826621e-01
5.734773728992426101e-02
7.705955918522633397e-02
1.000982772378788965e-02
2.273046181029192425e-02
1.566251107327287784e-02
1.023659339747329255e-02
2.434633231593652525e-02
1.475230161956364583e-02
8.578320095289537761e-02
9.080166354489671576e-02
1.116609492526223768e-01
6.875124091103890223e-02
5.428299549016557535e-02
8.239127690956893346e-02
7.811027703467798844e-02
4.961120707823152287e-02
2.003048930883237766e-01
1.188618345297727252e-01
1.477871060266919834e-01
2.111031739664270823e-01
1.174073860819917492e-01
4.144054104264194294e-02
6.951692521197605501e-02
5.370992914239680616e-02
4.095065407596854001e-02
6.965521354813963839e-02
1.619953284325625908e-01
1.130531002920847072e-01
1.120145779527090824e-01
1.965764148606878869e-01
9.843653515473027582e-02
1.547862883445403348e-01
3.594899346617763669e-02
6.664427443659670658e-02
4.304812825680537358e-02
3.934012070331505129e-02
5.982007834317393247e-02
5.261386881235941004e-02
